665
573
890
921
939
891
915
645
756
538
690
588
895
932
710
663
732
552
750
972
723
587
949
745
918
837
891
753
587
505
541
530
645
832
757
810
926
679
872
869
897
765
500
542
718
634
555
607
640
729
669
656
745
574
616
576
799
560
738
857
586
588
607
957
823
646
916
673
788
797
594
630
763
927
699
921
631
861
901
755
925
557
996
601
817
714
640
791
851
598
960
952
962
999
908
800
520
740
805
884
531
731
714
689
978
833
977
987
525
703
699
891
859
832
600
794
533
693
844
677
912
920
771
811
600
963
666
813
760
796
713
725
629
628
636
719
981
610
718
994
895
643
821
700
913
857
616
975
732
695
602
831
966
804
653
630
864
801
540
844
614
878
947
754
791
655
907
814
735
869
684
509
617
662
631
685
633
831
934
623
973
963
735
975
653
826
605
980
738
737
557
671
868
893
585
699
588
811
971
544
701
779
658
848
634
649
780
588
876
685
705
501
540
782
934
810
760
951
754
709
807
705
671
896
736
760
988
780
606
710
962
538
588
507
523
656
996
525
580
992
935
774
997
676
522
685
588
779
551
755
723
616
572
590
799
903
592
686
658
778
702
740
895
666
767
995
711
619
627
938
521
807
812
938
904
957
919
621
870
798
515
584
747
598
785
568
845
965
859
890
792
637
862
620
624
745
777
527
818
652
641
688
929
857
539
627
719
745
963
953
829
637
632
991
666
796
987
578
834
545
805
902
768
647
901
694
615
740
896
867
833
872
852
735
545
837
526
921
929
997
728
547
803
731
805
968
845
731
933
998
826
531
623
680
749
649
979
845
542
654
619
702
798
899
707
750
744
718
804
791
703
932
902
939
998
569
877
952
988
964
901
1000
508
978
968
717
545
514
900
946
508
632
792
786
787
766
926
857
889
590
880
692
574
810
848
540
993
965
625
693
961
608
791
660
688
990
762
536
518
763
797
509
620
563
788
664
582
541
969
702
511
839
586
927
995
948
543
515
666
883
710
841
860
928
789
998
785
975
781
568
551
805
510
653
554
811
540
776
865
717
937
660
817
997
824
616
657
541
663
761
977
508
531
781
933
549
572
519
855
965
929
867
806
843
701
857
509
913
565
746
718
714
676
761
636
733
832
853
605
976
653
620
882
702
777
514
846
630
963
613
896
797
613
801
517
921
584
819
950
724
683
667
868
547
914
558
582
561
650
819
777
553
785
998
584
708
877
514
980
730
983
551
879
769
946
668
884
795
913
719
991
884
531
689
617
548
517
550
998
947
933
878
566
797
849
609
951
661
764
686
548
714
780
973
533
959
518
654
720
522
963
672
943
725
794
551
738
523
620
946
655
965
765
668
707
854
727
729
843
658
517
747
799
799
681
773
732
624
684
809
868
837
943
617
530
716
974
763
600
561
827
803
586
721
908
885
691
876
647
690
794
872
974
646
694
583
836
504
943
725
895
927
560
720
903
805
680
966
777
876
745
679
896
570
520
856
775
783
872
603
786
630
872
681
840
524
808
735
751
820
600
869
896
988
817
745
612
523
897
906
507
571
597
895
709
535
918
537
824
777
513
832
689
877
703
806
649
949
688
904
784
574
685
555
929
580
534
728
925
508
731
957
597
529
844
984
558
842
599
546
890
831
631
871
527
673
695
732
754
518
884
538
891
782
975
605
893
525
719
586
623
908
689
638
700
994
995
723
951
636
581
550
677
858
599
661
873
680
517
534
806
741
776
561
992
755
823
544
619
731
940
561
756
516
996
864
647
652
903
746
822
919
561
748
567
744
966
934
887
658
878
610
843
804
666
648
886
635
962
781
802
518
675
859
810
874
770
883
651
558
993
902
965
642
998
760
501
828
550
843
900
614
877
785
622
637
988
577
782
880
616
501
600
948
782
911
629
939
520
616
981
612
865
670
927
989
814
665
897
970
917
845
636
760
549
532
976
987
717
751
802
515
958
542
906
546
988
950
514
537
648
635
703
594
568
669
677
512
604
522
892
936
659
926
974
574
558
873
736
946
559
734
581
519
992
534
627
846
836
838
777
902
952
692
616
545
714
589
869
896
783
669
732
620
717
886
954
919
796
908
806
716
809
786
785
636
595
895
856
514
698
749
861
507
958
697
873
542
507
755
782
697
678
979
829
550
928
724
580
658
514
518
912
686
766
525
531
823
974
640
642
553
929
674
635
749
762
776
883
818
762
609
859
631
697
876
619
998
914
679
740
851
960
835
662
888
852
864
678
657
529
996
587
629
682
603
658
814
924
637
