564
911
759
648
836
670
816
991
693
704
632
939
525
748
848
702
914
802
742
541
693
923
625
807
680
915
608
572
520
982
963
591
865
610
859
515
676
909
859
603
611
998
835
950
938
516
601
646
913
826
556
578
662
531
738
610
840
503
777
554
574
779
540
704
908
824
667
665
541
816
715
596
929
546
605
631
566
907
636
689
737
543
711
667
590
751
721
613
908
910
896
951
864
892
650
979
621
966
970
502
939
939
869
941
882
924
605
945
620
680
675
517
682
696
815
651
650
580
893
806
573
763
735
890
718
702
809
839
848
753
701
987
916
736
690
629
619
606
849
941
576
521
599
970
576
662
714
740
990
693
650
885
699
856
741
726
985
712
678
859
758
652
674
699
809
691
972
737
531
539
580
956
906
693
585
758
594
610
901
500
964
558
946
516
931
582
544
544
897
541
884
982
583
507
558
939
850
852
735
608
747
988
960
859
534
962
752
997
708
673
850
997
815
593
835
747
979
865
549
966
561
993
549
655
965
938
655
693
751
748
814
808
501
553
688
923
620
833
701
861
652
655
554
905
805
655
853
953
864
937
507
768
536
569
678
758
860
891
760
965
873
507
607
502
992
742
837
847
658
667
685
817
592
617
875
804
767
773
619
658
617
562
709
925
554
547
995
727
740
527
752
953
774
966
725
530
815
667
959
910
898
552
839
949
762
526
763
735
566
795
958
746
973
824
515
755
817
981
637
903
544
655
847
631
732
804
850
562
731
746
844
516
985
957
571
812
957
858
815
679
552
696
873
958
958
902
628
693
844
521
708
682
959
587
659
952
539
897
976
784
647
695
731
805
653
681
835
851
723
690
512
626
608
946
961
531
632
505
923
758
999
800
729
647
679
711
900
682
759
944
520
634
653
802
859
643
716
593
808
710
876
568
806
830
708
976
572
609
546
963
580
835
511
645
913
667
622
917
798
783
541
515
590
738
973
690
932
697
779
547
688
732
673
937
754
541
785
882
996
845
662
759
657
816
986
776
883
539
803
948
657
992
883
519
744
972
806
613
814
945
804
999
926
742
726
755
630
921
506
529
547
937
920
557
904
656
694
568
694
703
657
617
829
531
753
687
635
920
539
784
562
906
906
706
755
999
686
721
569
678
716
660
507
727
781
550
519
835
985
763
978
591
726
710
991
877
810
606
533
728
759
542
547
722
534
842
695
820
883
758
512
583
762
788
744
811
778
581
811
956
961
539
651
539
801
808
994
611
576
770
826
795
693
667
716
834
918
743
573
686
576
768
929
528
582
995
995
514
611
708
786
685
758
830
886
506
985
953
780
996
952
746
511
783
645
607
860
906
824
949
562
704
932
698
767
670
515
994
807
635
997
607
858
808
876
781
532
740
778
710
897
502
513
657
777
747
791
656
917
566
776
576
860
522
800
618
718
823
836
555
713
806
906
974
507
874
821
969
976
928
572
569
855
526
843
605
842
638
773
663
780
710
938
640
878
709
888
922
862
851
895
705
824
508
809
669
602
927
777
761
690
553
690
848
660
905
851
717
943
869
719
702
932
554
502
846
564
729
755
967
574
785
751
597
650
697
857
999
958
797
843
570
529
862
539
601
641
633
947
528
586
965
895
902
920
713
885
947
536
929
513
719
967
631
597
944
748
851
805
966
929
520
769
957
760
515
858
914
648
589
721
652
509
970
773
721
606
855
677
773
983
932
671
855
779
924
741
684
617
989
949
877
880
878
676
617
965
973
836
993
528
769
828
905
844
747
723
865
698
681
974
932
770
678
602
600
597
662
855
530
968
884
875
639
732
617
589
531
974
838
929
966
769
609
814
998
685
727
923
696
951
594
863
777
574
909
591
644
1000
617
992
639
529
737
643
514
772
849
874
918
934
734
661
541
999
810
947
615
696
538
878
682
838
743
869
530
637
666
537
570
988
855
965
794
527
753
727
734
848
937
731
924
576
546
824
796
946
795
609
923
606
539
844
735
931
979
917
792
772
826
823
522
828
511
940
873
864
577
908
502
631
697
835
522
997
954
769
849
763
739
692
568
599
785
845
762
980
674
819
869
646
726
582
868
944
823
546
514
960
672
580
774
630
995
982
874
947
501
813
925
559
503
604
830
593
519
594
616
699
648
824
593
557
733
738
789
697
657
787
783
923
972
829
875
760
747
699
620
523
647
501
763
562
851
668
806
995
576
765
710
766
641
736
904
693
685
591
771
986
831
547
862
665
799
917
651
505
553
702
827
752
855
537
825
815
699
539
505
593
527
